RBP NDCG RR ERR R@20
0.3349 0.4674 0.6214 0.4400 0.5610
0.3239 0.4607 0.6050 0.4426 0.5267
0.3604 0.4577 0.6324 0.4439 0.5242
0.3547 0.4482 0.6147 0.4332 0.5408
0.3755 0.4989 0.6470 0.4693 0.5807
[[0.32 0.55 0.12 0.01] [0.46 0.29 0.21 0.04] [0.28 0.54 0.02 0.16] [0.26 0.59 0.11 0.04] [0.46 0.47 0.05 0.02]]
[[0.32 0.55 0.12 0.01] [0.46 0.28 0.25 0.01] [0.13 0.82 0.02 0.03] [0.46 0.28 0.25 0.01] [0.49 0.31 0.17 0.03]]
[[0.34 0.57 0.08 0.01] [0.52 0.28 0.19 0.01] [0.26 0.56 0.02 0.16] [0.26 0.56 0.02 0.16] [0.52 0.34 0.10 0.04]]
[[0.29 0.58 0.10 0.03] [0.32 0.51 0.13 0.04] [0.28 0.59 0.11 0.02] [0.30 0.57 0.10 0.03] [0.52 0.34 0.10 0.04]]
[[0.29 0.58 0.10 0.03] [0.52 0.28 0.19 0.01] [0.25 0.57 0.02 0.16] [0.55 0.18 0.26 0.01] [0.52 0.34 0.10 0.04]]
