RBP NDCG RR ERR R@200.2917 0.4264 0.5774 0.3804 0.4936
0.2830 0.4257 0.5524 0.3878 0.4685
0.3306 0.4363 0.6041 0.4061 0.4666
0.3188 0.4203 0.5691 0.3856 0.4733
0.3396 0.4652 0.6262 0.4204 0.5196
[[0.03 0.16 0.81] [0.03 0.16 0.81] [0.01 0.40 0.59] [0.03 0.08 0.89] [0.02 0.72 0.26]]
[[0.02 0.47 0.51] [0.04 0.46 0.50] [0.01 0.40 0.59] [0.04 0.52 0.44] [0.98 0.01 0.01]]
[[0.04 0.12 0.84] [0.03 0.72 0.25] [0.01 0.40 0.59] [0.08 0.15 0.77] [0.98 0.01 0.01]]
[[0.04 0.49 0.47] [0.72 0.27 0.01] [0.03 0.01 0.96] [0.03 0.68 0.29] [0.98 0.01 0.01]]
[[0.04 0.23 0.73] [0.57 0.06 0.37] [0.04 0.25 0.71] [0.57 0.09 0.34] [0.98 0.01 0.01]]
