RBP NDCG RR ERR R@200.2915 0.4264 0.5860 0.3807 0.4932
0.2830 0.4259 0.5515 0.3885 0.4685
0.3308 0.4365 0.6037 0.4069 0.4666
0.3188 0.4203 0.5693 0.3861 0.4733
0.3396 0.4652 0.6261 0.4204 0.5196
[[0.03 0.43 0.54] [0.03 0.21 0.76] [0.01 0.15 0.84] [0.03 0.42 0.55] [0.02 0.97 0.01]]
[[0.02 0.50 0.48] [0.03 0.52 0.45] [0.01 0.91 0.08] [0.03 0.52 0.45] [0.98 0.01 0.01]]
[[0.04 0.02 0.94] [0.04 0.20 0.76] [0.01 0.91 0.08] [0.04 0.19 0.77] [0.98 0.01 0.01]]
[[0.04 0.62 0.34] [0.72 0.27 0.01] [0.03 0.08 0.89] [0.03 0.61 0.36] [0.98 0.01 0.01]]
[[0.03 0.48 0.49] [0.58 0.04 0.38] [0.04 0.20 0.76] [0.58 0.08 0.34] [0.98 0.01 0.01]]
