RBP NDCG RR ERR R@200.2909 0.4275 0.5810 0.3854 0.4932
0.2821 0.4264 0.5618 0.3902 0.4685
0.3304 0.4369 0.6107 0.4092 0.4666
0.3187 0.4206 0.5764 0.3889 0.4733
0.3392 0.4651 0.6255 0.4204 0.5196
[[0.04 0.10 0.86] [0.04 0.11 0.85] [0.03 0.12 0.85] [0.03 0.04 0.93] [0.02 0.97 0.01]]
[[0.03 0.63 0.34] [0.04 0.09 0.87] [0.02 0.34 0.64] [0.04 0.12 0.84] [0.98 0.01 0.01]]
[[0.06 0.12 0.82] [0.05 0.02 0.93] [0.02 0.37 0.61] [0.03 0.04 0.93] [0.98 0.01 0.01]]
[[0.03 0.79 0.18] [0.04 0.09 0.87] [0.03 0.12 0.85] [0.04 0.14 0.82] [0.98 0.01 0.01]]
[[0.56 0.36 0.08] [0.57 0.34 0.09] [0.06 0.16 0.78] [0.55 0.43 0.02] [0.98 0.01 0.01]]
