RBP NDCG RR ERR R@200.2905 0.4263 0.5790 0.3846 0.4932
0.2819 0.4256 0.5593 0.3887 0.4685
0.3298 0.4364 0.6085 0.4085 0.4666
0.3188 0.4203 0.5746 0.3873 0.4733
0.3392 0.4651 0.6253 0.4204 0.5196
[[0.03 0.53 0.44] [0.03 0.21 0.76] [0.03 0.22 0.75] [0.03 0.06 0.91] [0.02 0.97 0.01]]
[[0.02 0.70 0.28] [0.03 0.52 0.45] [0.02 0.08 0.90] [0.03 0.19 0.78] [0.98 0.01 0.01]]
[[0.06 0.02 0.92] [0.03 0.18 0.79] [0.03 0.22 0.75] [0.03 0.06 0.91] [0.98 0.01 0.01]]
[[0.04 0.63 0.33] [0.72 0.27 0.01] [0.03 0.22 0.75] [0.03 0.06 0.91] [0.98 0.01 0.01]]
[[0.55 0.37 0.08] [0.57 0.33 0.10] [0.03 0.55 0.42] [0.56 0.38 0.06] [0.98 0.01 0.01]]
